  -5.69048687E-04  -2.99847603    
   8.21041316E-03  -3.67389727    
   2.80540250E-02  -3.62437320    
   6.01068884E-02  -3.05008936    
  0.104280502      -2.41020513    
  0.158888549      -1.97646797    
  0.222192600      -1.66449428    
  0.292398989      -1.43030214    
  0.367606759      -1.25396705    
  0.445827812      -1.11043322    
  0.524981976     -0.982061088    
  0.602874041     -0.810510695    
  0.677337468     -0.589345396    
  0.746534348     -0.371543050    
  0.808976471     -0.183282539    
  0.863353074      -1.96088981E-02
  0.908484340      0.125458390    
  0.943679869      0.253677934    
  0.970067263      0.427616298    
  0.989871562      0.432726622    
  0.989901423      0.150602490    
  0.970021129      0.323654175    
  0.943401515      0.334115326    
  0.907944977      0.341669440    
  0.862682462      0.317816556    
  0.808578610      0.277058244    
  0.746998310      0.226718411    
  0.679274976      0.175770715    
  0.606781363      0.134515956    
  0.531013548      0.136386365    
  0.453865051      0.180310518    
  0.377480894      0.235480040    
  0.303876847      0.298568457    
  0.234944105      0.373991936    
  0.172468618      0.466005921    
  0.118083201      0.568077028    
   7.32604414E-02  0.660797536    
   3.89111303E-02  0.663240731    
   1.45074744E-02  0.291900188    
   1.15443324E-03  -1.34192038    
  -5.69048687E-04  -2.99847603    
