  -1.27373467E-04  -2.01528835    
   8.79406277E-03  -2.74894953    
   2.87790615E-02  -2.86804295    
   6.09582514E-02  -2.49131465    
  0.105238445      -2.01125860    
  0.159933373      -1.67970979    
  0.223302841      -1.43726552    
  0.293551505      -1.25420117    
  0.368777215      -1.11730015    
  0.446989745      -1.00536728    
  0.526105940     -0.902944684    
  0.603925586     -0.755181015    
  0.678283036     -0.555926740    
  0.747353852     -0.354901880    
  0.809666634     -0.177531049    
  0.863923788      -2.01991815E-02
  0.908953667      0.121592797    
  0.944069088      0.248412073    
  0.970396519      0.422937095    
  0.990155578      0.426823884    
  0.990158379      0.133541346    
  0.970270216      0.315484256    
  0.943654895      0.327150404    
  0.908197105      0.334729165    
  0.862909734      0.308883250    
  0.808751822      0.264612317    
  0.747093737      0.208928257    
  0.679280341      0.150641263    
  0.606699705      0.100534476    
  0.530868053       9.49968249E-02
  0.453687489      0.134059459    
  0.377295852      0.184424251    
  0.303703129      0.241728425    
  0.234799713      0.311038375    
  0.172369823      0.400132090    
  0.118043974      0.507850111    
   7.32920840E-02  0.626673996    
   3.90204191E-02  0.703093290    
   1.47041995E-02  0.552273810    
   1.46306155E-03 -0.598822951    
  -1.27373467E-04  -2.01528835    
