   4.69196151E-04  -3.35068274    
   9.05932486E-03  -3.98551750    
   2.87132785E-02  -3.86589503    
   6.05930202E-02  -3.21878910    
  0.104613312      -2.51744556    
  0.159086898      -2.03892088    
  0.222279966      -1.69505334    
  0.292400956      -1.44034815    
  0.367551029      -1.25077069    
  0.445747226      -1.09818888    
  0.524913371     -0.964034140    
  0.602861464     -0.788800597    
  0.677425802     -0.564375162    
  0.746750295     -0.344131917    
  0.809327126     -0.154331505    
  0.863830686       1.10469405E-02
  0.909069538      0.158270657    
  0.944349647      0.287784100    
  0.970801651      0.462234885    
  0.990653872      0.458115280    
  0.990715384      0.169873074    
  0.970855057      0.324325979    
  0.944242358      0.322297454    
  0.908803225      0.317816228    
  0.863593221      0.281186223    
  0.809581161      0.230539531    
  0.748127639      0.176306054    
  0.680549800      0.126596257    
  0.608200490       8.89295489E-02
  0.532550156       9.38876048E-02
  0.455479175      0.140922949    
  0.379140705      0.200871915    
  0.305556715      0.269721866    
  0.236619726      0.349907845    
  0.174115881      0.444364369    
  0.119681232      0.547873795    
   7.47917145E-02  0.637311995    
   4.03617620E-02  0.618382871    
   1.58608984E-02  0.171108305    
   2.36967206E-03  -1.62712932    
   4.69196151E-04  -3.35068274    
