 -0.988020658      0.804502845    
 -0.960173190       1.12891972    
 -0.923027754       1.31887639    
 -0.873476744       1.42796040    
 -0.809610784       1.47912097    
 -0.731893897       1.49053669    
 -0.641666353       1.47586489    
 -0.540477812       1.44266188    
 -0.430061162       1.39425635    
 -0.312304109       1.33072305    
 -0.189218536       1.25023437    
  -6.29064515E-02   1.15144837    
   6.29080534E-02   1.15045249    
  0.189219981       1.24880600    
  0.312305391       1.32900715    
  0.430062234       1.39237571    
  0.540478766       1.44064498    
  0.641667187       1.47360611    
  0.731894493       1.48809266    
  0.809611320       1.47644472    
  0.873477042       1.42515957    
  0.923027933       1.31601763    
  0.960173368       1.12637711    
  0.988020778      0.802589178    
